État initial: 
2 0 5 
1 6 3 
4 7 8 
-----
Liste ouverte 
 
2 0 5 
1 6 3 
4 7 8 
-----h=8 f=8
Liste ouverte 
 
2 6 5 
1 0 3 
4 7 8 
-----h=8 f=9
0 2 5 
1 6 3 
4 7 8 
-----h=7 f=8
2 5 0 
1 6 3 
4 7 8 
-----h=8 f=9
Liste ouverte 
 
2 6 5 
1 0 3 
4 7 8 
-----h=8 f=9
2 5 0 
1 6 3 
4 7 8 
-----h=8 f=9
1 2 5 
0 6 3 
4 7 8 
-----h=6 f=8
Liste ouverte 
 
2 6 5 
1 0 3 
4 7 8 
-----h=8 f=9
2 5 0 
1 6 3 
4 7 8 
-----h=8 f=9
1 2 5 
4 6 3 
0 7 8 
-----h=5 f=8
1 2 5 
6 0 3 
4 7 8 
-----h=6 f=9
Liste ouverte 
 
2 6 5 
1 0 3 
4 7 8 
-----h=8 f=9
2 5 0 
1 6 3 
4 7 8 
-----h=8 f=9
1 2 5 
6 0 3 
4 7 8 
-----h=6 f=9
1 2 5 
4 6 3 
7 0 8 
-----h=4 f=8
Liste ouverte 
 
2 6 5 
1 0 3 
4 7 8 
-----h=8 f=9
2 5 0 
1 6 3 
4 7 8 
-----h=8 f=9
1 2 5 
6 0 3 
4 7 8 
-----h=6 f=9
1 2 5 
4 0 3 
7 6 8 
-----h=4 f=9
1 2 5 
4 6 3 
7 8 0 
-----h=3 f=8
Liste ouverte 
 
2 6 5 
1 0 3 
4 7 8 
-----h=8 f=9
2 5 0 
1 6 3 
4 7 8 
-----h=8 f=9
1 2 5 
6 0 3 
4 7 8 
-----h=6 f=9
1 2 5 
4 0 3 
7 6 8 
-----h=4 f=9
1 2 5 
4 6 0 
7 8 3 
-----h=3 f=9
Liste ouverte 
 
2 5 0 
1 6 3 
4 7 8 
-----h=8 f=9
1 2 5 
6 0 3 
4 7 8 
-----h=6 f=9
1 2 5 
4 0 3 
7 6 8 
-----h=4 f=9
1 2 5 
4 6 0 
7 8 3 
-----h=3 f=9
2 6 5 
1 7 3 
4 0 8 
-----h=8 f=10
2 6 5 
0 1 3 
4 7 8 
-----h=8 f=10
2 6 5 
1 3 0 
4 7 8 
-----h=8 f=10
Liste ouverte 
 
1 2 5 
6 0 3 
4 7 8 
-----h=6 f=9
1 2 5 
4 0 3 
7 6 8 
-----h=4 f=9
1 2 5 
4 6 0 
7 8 3 
-----h=3 f=9
2 6 5 
1 7 3 
4 0 8 
-----h=8 f=10
2 6 5 
0 1 3 
4 7 8 
-----h=8 f=10
2 6 5 
1 3 0 
4 7 8 
-----h=8 f=10
2 5 3 
1 6 0 
4 7 8 
-----h=7 f=9
Liste ouverte 
 
1 2 5 
4 0 3 
7 6 8 
-----h=4 f=9
1 2 5 
4 6 0 
7 8 3 
-----h=3 f=9
2 6 5 
1 7 3 
4 0 8 
-----h=8 f=10
2 6 5 
0 1 3 
4 7 8 
-----h=8 f=10
2 6 5 
1 3 0 
4 7 8 
-----h=8 f=10
2 5 3 
1 6 0 
4 7 8 
-----h=7 f=9
1 0 5 
6 2 3 
4 7 8 
-----h=7 f=11
1 2 5 
6 7 3 
4 0 8 
-----h=6 f=10
1 2 5 
6 3 0 
4 7 8 
-----h=6 f=10
Liste ouverte 
 
1 2 5 
4 6 0 
7 8 3 
-----h=3 f=9
2 6 5 
1 7 3 
4 0 8 
-----h=8 f=10
2 6 5 
0 1 3 
4 7 8 
-----h=8 f=10
2 6 5 
1 3 0 
4 7 8 
-----h=8 f=10
2 5 3 
1 6 0 
4 7 8 
-----h=7 f=9
1 0 5 
6 2 3 
4 7 8 
-----h=7 f=11
1 2 5 
6 7 3 
4 0 8 
-----h=6 f=10
1 2 5 
6 3 0 
4 7 8 
-----h=6 f=10
1 0 5 
4 2 3 
7 6 8 
-----h=5 f=11
1 2 5 
0 4 3 
7 6 8 
-----h=5 f=11
1 2 5 
4 3 0 
7 6 8 
-----h=4 f=10
Liste ouverte 
 
2 6 5 
1 7 3 
4 0 8 
-----h=8 f=10
2 6 5 
0 1 3 
4 7 8 
-----h=8 f=10
2 6 5 
1 3 0 
4 7 8 
-----h=8 f=10
2 5 3 
1 6 0 
4 7 8 
-----h=7 f=9
1 0 5 
6 2 3 
4 7 8 
-----h=7 f=11
1 2 5 
6 7 3 
4 0 8 
-----h=6 f=10
1 2 5 
6 3 0 
4 7 8 
-----h=6 f=10
1 0 5 
4 2 3 
7 6 8 
-----h=5 f=11
1 2 5 
0 4 3 
7 6 8 
-----h=5 f=11
1 2 5 
4 3 0 
7 6 8 
-----h=4 f=10
1 2 0 
4 6 5 
7 8 3 
-----h=3 f=10
1 2 5 
4 0 6 
7 8 3 
-----h=2 f=9
Liste ouverte 
 
2 6 5 
1 7 3 
4 0 8 
-----h=8 f=10
2 6 5 
0 1 3 
4 7 8 
-----h=8 f=10
2 6 5 
1 3 0 
4 7 8 
-----h=8 f=10
1 0 5 
6 2 3 
4 7 8 
-----h=7 f=11
1 2 5 
6 7 3 
4 0 8 
-----h=6 f=10
1 2 5 
6 3 0 
4 7 8 
-----h=6 f=10
1 0 5 
4 2 3 
7 6 8 
-----h=5 f=11
1 2 5 
0 4 3 
7 6 8 
-----h=5 f=11
1 2 5 
4 3 0 
7 6 8 
-----h=4 f=10
1 2 0 
4 6 5 
7 8 3 
-----h=3 f=10
1 2 5 
4 0 6 
7 8 3 
-----h=2 f=9
2 5 3 
1 6 8 
4 7 0 
-----h=7 f=10
2 5 3 
1 0 6 
4 7 8 
-----h=6 f=9
Liste ouverte 
 
2 6 5 
1 7 3 
4 0 8 
-----h=8 f=10
2 6 5 
0 1 3 
4 7 8 
-----h=8 f=10
2 6 5 
1 3 0 
4 7 8 
-----h=8 f=10
1 0 5 
6 2 3 
4 7 8 
-----h=7 f=11
1 2 5 
6 7 3 
4 0 8 
-----h=6 f=10
1 2 5 
6 3 0 
4 7 8 
-----h=6 f=10
1 0 5 
4 2 3 
7 6 8 
-----h=5 f=11
1 2 5 
0 4 3 
7 6 8 
-----h=5 f=11
1 2 5 
4 3 0 
7 6 8 
-----h=4 f=10
1 2 0 
4 6 5 
7 8 3 
-----h=3 f=10
2 5 3 
1 6 8 
4 7 0 
-----h=7 f=10
2 5 3 
1 0 6 
4 7 8 
-----h=6 f=9
1 0 5 
4 2 6 
7 8 3 
-----h=3 f=11
1 2 5 
4 8 6 
7 0 3 
-----h=3 f=11
1 2 5 
0 4 6 
7 8 3 
-----h=3 f=11
Liste ouverte 
 
2 6 5 
1 7 3 
4 0 8 
-----h=8 f=10
2 6 5 
0 1 3 
4 7 8 
-----h=8 f=10
2 6 5 
1 3 0 
4 7 8 
-----h=8 f=10
1 0 5 
6 2 3 
4 7 8 
-----h=7 f=11
1 2 5 
6 7 3 
4 0 8 
-----h=6 f=10
1 2 5 
6 3 0 
4 7 8 
-----h=6 f=10
1 0 5 
4 2 3 
7 6 8 
-----h=5 f=11
1 2 5 
0 4 3 
7 6 8 
-----h=5 f=11
1 2 5 
4 3 0 
7 6 8 
-----h=4 f=10
1 2 0 
4 6 5 
7 8 3 
-----h=3 f=10
2 5 3 
1 6 8 
4 7 0 
-----h=7 f=10
1 0 5 
4 2 6 
7 8 3 
-----h=3 f=11
1 2 5 
4 8 6 
7 0 3 
-----h=3 f=11
1 2 5 
0 4 6 
7 8 3 
-----h=3 f=11
2 0 3 
1 5 6 
4 7 8 
-----h=5 f=9
2 5 3 
1 7 6 
4 0 8 
-----h=6 f=10
2 5 3 
0 1 6 
4 7 8 
-----h=6 f=10
Liste ouverte 
 
2 6 5 
1 7 3 
4 0 8 
-----h=8 f=10
2 6 5 
0 1 3 
4 7 8 
-----h=8 f=10
2 6 5 
1 3 0 
4 7 8 
-----h=8 f=10
1 0 5 
6 2 3 
4 7 8 
-----h=7 f=11
1 2 5 
6 7 3 
4 0 8 
-----h=6 f=10
1 2 5 
6 3 0 
4 7 8 
-----h=6 f=10
1 0 5 
4 2 3 
7 6 8 
-----h=5 f=11
1 2 5 
0 4 3 
7 6 8 
-----h=5 f=11
1 2 5 
4 3 0 
7 6 8 
-----h=4 f=10
1 2 0 
4 6 5 
7 8 3 
-----h=3 f=10
2 5 3 
1 6 8 
4 7 0 
-----h=7 f=10
1 0 5 
4 2 6 
7 8 3 
-----h=3 f=11
1 2 5 
4 8 6 
7 0 3 
-----h=3 f=11
1 2 5 
0 4 6 
7 8 3 
-----h=3 f=11
2 5 3 
1 7 6 
4 0 8 
-----h=6 f=10
2 5 3 
0 1 6 
4 7 8 
-----h=6 f=10
0 2 3 
1 5 6 
4 7 8 
-----h=4 f=9
2 3 0 
1 5 6 
4 7 8 
-----h=6 f=11
Liste ouverte 
 
2 6 5 
1 7 3 
4 0 8 
-----h=8 f=10
2 6 5 
0 1 3 
4 7 8 
-----h=8 f=10
2 6 5 
1 3 0 
4 7 8 
-----h=8 f=10
1 0 5 
6 2 3 
4 7 8 
-----h=7 f=11
1 2 5 
6 7 3 
4 0 8 
-----h=6 f=10
1 2 5 
6 3 0 
4 7 8 
-----h=6 f=10
1 0 5 
4 2 3 
7 6 8 
-----h=5 f=11
1 2 5 
0 4 3 
7 6 8 
-----h=5 f=11
1 2 5 
4 3 0 
7 6 8 
-----h=4 f=10
1 2 0 
4 6 5 
7 8 3 
-----h=3 f=10
2 5 3 
1 6 8 
4 7 0 
-----h=7 f=10
1 0 5 
4 2 6 
7 8 3 
-----h=3 f=11
1 2 5 
4 8 6 
7 0 3 
-----h=3 f=11
1 2 5 
0 4 6 
7 8 3 
-----h=3 f=11
2 5 3 
1 7 6 
4 0 8 
-----h=6 f=10
2 5 3 
0 1 6 
4 7 8 
-----h=6 f=10
2 3 0 
1 5 6 
4 7 8 
-----h=6 f=11
1 2 3 
0 5 6 
4 7 8 
-----h=3 f=9
Liste ouverte 
 
2 6 5 
1 7 3 
4 0 8 
-----h=8 f=10
2 6 5 
0 1 3 
4 7 8 
-----h=8 f=10
2 6 5 
1 3 0 
4 7 8 
-----h=8 f=10
1 0 5 
6 2 3 
4 7 8 
-----h=7 f=11
1 2 5 
6 7 3 
4 0 8 
-----h=6 f=10
1 2 5 
6 3 0 
4 7 8 
-----h=6 f=10
1 0 5 
4 2 3 
7 6 8 
-----h=5 f=11
1 2 5 
0 4 3 
7 6 8 
-----h=5 f=11
1 2 5 
4 3 0 
7 6 8 
-----h=4 f=10
1 2 0 
4 6 5 
7 8 3 
-----h=3 f=10
2 5 3 
1 6 8 
4 7 0 
-----h=7 f=10
1 0 5 
4 2 6 
7 8 3 
-----h=3 f=11
1 2 5 
4 8 6 
7 0 3 
-----h=3 f=11
1 2 5 
0 4 6 
7 8 3 
-----h=3 f=11
2 5 3 
1 7 6 
4 0 8 
-----h=6 f=10
2 5 3 
0 1 6 
4 7 8 
-----h=6 f=10
2 3 0 
1 5 6 
4 7 8 
-----h=6 f=11
1 2 3 
4 5 6 
0 7 8 
-----h=2 f=9
1 2 3 
5 0 6 
4 7 8 
-----h=4 f=11
Liste ouverte 
 
2 6 5 
1 7 3 
4 0 8 
-----h=8 f=10
2 6 5 
0 1 3 
4 7 8 
-----h=8 f=10
2 6 5 
1 3 0 
4 7 8 
-----h=8 f=10
1 0 5 
6 2 3 
4 7 8 
-----h=7 f=11
1 2 5 
6 7 3 
4 0 8 
-----h=6 f=10
1 2 5 
6 3 0 
4 7 8 
-----h=6 f=10
1 0 5 
4 2 3 
7 6 8 
-----h=5 f=11
1 2 5 
0 4 3 
7 6 8 
-----h=5 f=11
1 2 5 
4 3 0 
7 6 8 
-----h=4 f=10
1 2 0 
4 6 5 
7 8 3 
-----h=3 f=10
2 5 3 
1 6 8 
4 7 0 
-----h=7 f=10
1 0 5 
4 2 6 
7 8 3 
-----h=3 f=11
1 2 5 
4 8 6 
7 0 3 
-----h=3 f=11
1 2 5 
0 4 6 
7 8 3 
-----h=3 f=11
2 5 3 
1 7 6 
4 0 8 
-----h=6 f=10
2 5 3 
0 1 6 
4 7 8 
-----h=6 f=10
2 3 0 
1 5 6 
4 7 8 
-----h=6 f=11
1 2 3 
5 0 6 
4 7 8 
-----h=4 f=11
1 2 3 
4 5 6 
7 0 8 
-----h=1 f=9
Liste ouverte 
 
2 6 5 
1 7 3 
4 0 8 
-----h=8 f=10
2 6 5 
0 1 3 
4 7 8 
-----h=8 f=10
2 6 5 
1 3 0 
4 7 8 
-----h=8 f=10
1 0 5 
6 2 3 
4 7 8 
-----h=7 f=11
1 2 5 
6 7 3 
4 0 8 
-----h=6 f=10
1 2 5 
6 3 0 
4 7 8 
-----h=6 f=10
1 0 5 
4 2 3 
7 6 8 
-----h=5 f=11
1 2 5 
0 4 3 
7 6 8 
-----h=5 f=11
1 2 5 
4 3 0 
7 6 8 
-----h=4 f=10
1 2 0 
4 6 5 
7 8 3 
-----h=3 f=10
2 5 3 
1 6 8 
4 7 0 
-----h=7 f=10
1 0 5 
4 2 6 
7 8 3 
-----h=3 f=11
1 2 5 
4 8 6 
7 0 3 
-----h=3 f=11
1 2 5 
0 4 6 
7 8 3 
-----h=3 f=11
2 5 3 
1 7 6 
4 0 8 
-----h=6 f=10
2 5 3 
0 1 6 
4 7 8 
-----h=6 f=10
2 3 0 
1 5 6 
4 7 8 
-----h=6 f=11
1 2 3 
5 0 6 
4 7 8 
-----h=4 f=11
1 2 3 
4 0 6 
7 5 8 
-----h=2 f=11
1 2 3 
4 5 6 
7 8 0 
-----h=0 f=9
Nombre de mouvements minimal: G = 9

